17
707
916
672
583
447
533
480
571
922
845
615
844
72
942
940
618
185
106
662
913
390
159
851
1023
208
479
277
948
625
493
495
409
156
508
1023
864
123
601
281
171
830
857
45
190
499
1011
129
512
936
809
396
92
407
904
715
300
854
867
580
1003
993
878
554
738
777
936
121
814
779
256
575
853
830
75
721
192
882
65
352
501
969
910
456
909
415
880
943
841
65
499
894
612
323
116
590
50
492
866
224
144
324
203
146
865
844
1010
472
255
70
255
27
696
437
77
696
390
798
902
925
517
520
750
776
133
833
953
633
938
821
222
453
357
616
135
337
457
799
556
63
919
679
940
348
1001
306
1004
988
1014
632
361
412
322
331
875
921
518
927
519
474
921
379
31
60
232
320
508
1016
238
439
1010
549
957
535
783
39
71
448
918
257
491
673
167
123
655
845
760
197
409
167
814
920
153
253
61
27
504
478
643
337
625
396
582
659
740
553
387
686
626
661
593
281
233
900
233
272
993
608
824
146
786
457
550
532
359
289
911
481
893
802
832
859
852
953
774
840
98
887
874
640
102
25
670
419
261
280
192
584
403
583
619
11
270
879
603
639
644
96
820
548
188
483
770
1
86
23
419
163
419
212
966
515
955
200
115
167
518
297
784
265
427
652
720
252
43
6
11
707
923
169
10
155
953
990
963
169
155
77
441
930
215
685
242
329
176
915
417
842
899
478
298
490
607
202
249
688
435
55
476
954
168
571
771
185
931
69
461
151
151
978
401
1006
42
672
897
52
498
430
670
751
527
739
894
701
481
234
758
975
986
94
393
455
229
744
728
472
306
20
647
28
821
741
642
2
894
323
322
1012
811
470
429
754
862
858
764
498
365
342
621
845
375
293
439
433
377
990
304
256
796
12
227
681
850
634
310
353
680
38
616
466
85
776
621
244
891
620
274
454
417
285
912
613
835
358
751
995
494
976
284
573
131
623
364
419
871
794
982
736
559
516
722
340
975
179
976
446
243
161
81
334
527
524
765
442
161
815
445
1013
103
930
252
905
872
610
0
539
398
181
27
780
153
808
381
948
313
592
625
178
531
989
946
335
537
191
122
885
481
517
1003
652
928
900
458
843
295
782
298
850
436
360
828
152
557
7
22
679
784
126
334
985
285
28
647
753
276
160
156
141
525
90
750
912
170
638
458
105
754
114
283
14
36
319
454
744
325
17
177
130
276
391
746
635
394
728
773
576
935
477
848
786
572
563
359
692
625
627
150
500
81
999
596
207
581
222
345
170
287
687
931
932
360
863
207
83
75
813
382
645
117
849
328
919
96
773
471
80
263
666
666
90
426
599
486
200
935
295
578
651
306
126
898
837
644
273
886
852
276
169
566
623
519
612
583
936
933
197
108
150
683
613
486
575
197
557
861
958
336
467
771
1013
779
693
328
905
990
424
144
511
671
724
991
532
1020
730
604
861
69
556
501
787
157
741
627
726
349
757
593
678
333
252
950
1004
164
707
668
755
862
644
445
82
2
876
184
199
380
156
1015
1016
239
558
513
135
435
150
961
993
943
180
916
302
134
414
854
1013
333
38
57
806
402
809
405
330
255
339
85
185
750
366
229
411
932
681
533
278
172
940
474
309
783
234
11
518
218
777
242
795
783
620
639
763
685
128
298
758
858
563
3
634
246
157
49
533
36
68
17
193
85
200
961
988
641
855
806
9
376
842
700
767
660
368
552
1003
578
392
986
801
821
213
981
583
689
676
747
700
473
385
437
66
863
43
316
712
341
104
769
565
902
645
259
258
918
455
794
209
965
900
917
653
111
555
598
300
316
703
462
866
836
776
839
46
524
344
519
794
456
861
34
122
256
329
777
384
980
866
873
1015
470
915
897
198
773
785
218
1021
633
117
459
89
242
801
869
120
914
296
102
507
938
546
738
859
999
972
965
801
641
101
111
639
582
963
763
648
123
191
633
544
282
789
383
398
504
615
497
569
331
86
293
524
260
221
118
97
940
42
131
57
582
562
20
799
233
406
776
178
69
496
938
558
1007
297
385
183
998
936
41
477
417
128
753
618
714
814
414
362
734
398
877
70
951
675
51
557
806
1016
38
476
312
703
128
613
640
476
416
148
79
258
991
918
198
405
792
325
901
293
243
191
805
593
1014
889
605
898
549
258
591
687
632
112
504
307
915
752
218
594
253
835
457
43
984
42
299
450
437
7
526
489
741
10
376
781
804
595
565
554
112
691
699
315
615
867
631
132
902
3
181
247
777
433
630
1010
841
19
443
454
817
793
578
538
333
29
155
168
456
863
960
358
156
20
419
808
916
890
102
276
305
457
457
190
881
526
527
247
640
758
